0 6 31 50 135 151 166 173 195 232 517 708 710 716 745 1035 1107 1142 1188 1397 
1 11 37 117 145 217 276 293 327 566 671 727 779 784 905 1065 1129 1186 1310 1422 
2 16 68 133 153 258 286 391 446 572 681 760 847 861 956 1113 1134 1283 1349 1551 
3 27 82 137 187 259 323 402 484 585 682 788 875 919 989 1130 1169 1293 1375 1571 
4 29 84 138 237 273 360 416 487 597 700 810 899 926 1054 1144 1202 1319 1439 1635 
5 33 91 143 239 288 364 439 522 606 722 825 902 939 1069 1157 1209 1343 1451 1640 
7 40 92 146 240 289 365 442 525 609 743 839 914 959 1087 1172 1255 1362 1454 1655 
8 48 96 172 254 321 393 459 529 612 767 851 929 969 1100 1174 1280 1398 1480 1661 
9 49 102 174 257 337 397 498 567 666 768 857 932 975 1108 1182 1305 1406 1561 1690 
10 51 108 175 268 342 410 506 573 676 772 878 943 976 1125 1260 1320 1432 1576 1701 
12 54 111 178 275 352 418 514 602 679 773 879 945 980 1127 1270 1330 1437 1578 1725 
13 59 118 185 306 358 425 546 607 699 807 895 967 1059 1147 1272 1333 1453 1619 1727 
14 60 119 190 307 362 435 550 611 728 817 897 972 1080 1149 1274 1350 1467 1627 1729 
15 64 120 224 310 385 437 554 629 732 829 901 979 1096 1163 1277 1384 1489 1650 1771 
17 65 123 229 312 389 440 559 647 742 837 921 984 1097 1166 1297 1386 1520 1658 1776 
18 72 128 235 320 394 450 575 650 754 855 925 992 1099 1171 1328 1409 1541 1667 1778 
19 73 132 236 330 396 451 579 654 757 859 928 1018 1106 1205 1334 1434 1544 1676 1785 
20 78 152 245 334 399 467 590 657 758 867 930 1034 1123 1206 1379 1436 1547 1689 1794 
21 80 158 249 340 411 499 592 663 770 872 942 1044 1132 1237 1380 1442 1558 1691 1803 
22 81 161 251 347 421 507 595 664 771 883 948 1047 1141 1246 1381 1450 1582 1694 1805 
23 86 164 256 349 423 516 600 673 776 892 952 1057 1158 1249 1391 1460 1588 1709 1815 
24 88 168 260 350 428 518 605 690 787 903 964 1064 1183 1258 1395 1482 1599 1713 1817 
25 89 170 263 351 432 526 613 691 797 906 998 1073 1184 1265 1401 1494 1600 1717 1818 
26 93 171 266 354 433 535 614 704 798 909 1005 1074 1197 1284 1403 1502 1612 1721 1822 
28 94 184 274 357 441 539 626 706 802 911 1011 1085 1199 1286 1404 1503 1622 1736 1833 
30 95 192 280 359 447 541 632 711 805 917 1017 1091 1211 1290 1405 1511 1623 1738 1840 
32 97 196 281 368 461 544 634 712 815 923 1025 1103 1213 1292 1427 1530 1626 1740 1850 
34 103 197 282 369 468 545 640 725 816 931 1027 1105 1220 1298 1428 1531 1638 1745 1855 
35 105 198 284 374 476 558 651 747 828 933 1028 1118 1231 1302 1433 1543 1639 1751 1856 
36 106 200 290 378 477 561 658 750 833 934 1048 1146 1234 1315 1466 1553 1646 1761 1857 
38 110 204 291 387 479 562 660 751 843 935 1051 1151 1238 1316 1471 1555 1653 1762 1865 
39 113 208 292 390 483 568 662 752 854 949 1053 1153 1244 1318 1473 1563 1659 1764 1871 
41 114 212 294 400 501 581 675 753 860 950 1058 1155 1245 1324 1475 1564 1664 1765 1876 
42 115 214 295 403 504 582 678 769 869 953 1063 1159 1256 1340 1478 1565 1674 1766 1880 
43 116 219 297 408 509 586 684 777 876 954 1067 1175 1257 1342 1492 1570 1675 1769 1886 
44 124 221 301 413 511 588 693 781 877 961 1079 1176 1264 1359 1500 1574 1677 1781 1887 
45 125 222 316 417 512 593 698 782 887 962 1081 1177 1273 1364 1505 1575 1680 1783 1888 
46 126 223 317 419 513 601 702 783 888 987 1101 1180 1275 1366 1506 1581 1685 1791 1889 
47 127 225 319 420 521 604 703 786 893 999 1102 1195 1303 1377 1507 1590 1696 1797 1890 
52 130 226 324 422 530 617 705 793 894 1000 1104 1203 1306 1382 1508 1598 1707 1798 1895 
53 131 227 326 426 534 623 715 796 912 1002 1109 1216 1313 1389 1512 1602 1708 1799 1898 
55 134 234 328 430 538 624 720 812 913 1007 1111 1217 1327 1392 1521 1608 1711 1802 1904 
56 139 238 333 445 542 627 721 818 916 1022 1116 1218 1335 1399 1522 1611 1715 1804 1909 
57 140 243 335 448 543 628 723 822 937 1024 1119 1223 1336 1400 1528 1616 1716 1807 1910 
58 144 244 336 453 551 630 729 830 941 1036 1121 1226 1339 1419 1529 1642 1720 1811 1911 
61 148 246 338 456 555 638 733 834 944 1050 1143 1229 1341 1425 1532 1643 1723 1813 1924 
62 155 248 341 457 557 642 734 835 951 1052 1148 1242 1351 1440 1534 1647 1726 1814 1925 
63 156 250 344 458 563 646 736 836 963 1056 1161 1251 1353 1444 1542 1652 1728 1816 1926 
66 157 255 345 462 564 652 739 838 965 1062 1164 1267 1358 1447 1548 1656 1737 1824 1927 
67 162 264 348 464 565 655 746 844 971 1066 1170 1279 1360 1452 1550 1657 1741 1826 1928 
69 163 265 363 466 569 659 761 850 973 1070 1173 1288 1371 1461 1552 1660 1742 1832 1929 
70 169 267 371 474 570 670 774 862 981 1071 1181 1289 1372 1463 1556 1668 1743 1839 1933 
71 181 269 372 485 574 680 778 864 991 1077 1189 1295 1374 1470 1559 1669 1747 1845 1934 
74 182 271 375 492 576 685 789 868 993 1078 1190 1296 1378 1474 1560 1671 1748 1851 1936 
75 183 272 379 495 577 686 791 871 996 1082 1194 1304 1383 1476 1562 1672 1754 1853 1937 
76 186 277 382 500 598 688 792 874 1001 1088 1196 1307 1390 1477 1577 1673 1755 1858 1942 
77 189 278 384 503 599 696 794 882 1004 1089 1198 1311 1396 1487 1579 1678 1756 1861 1943 
79 191 279 386 505 610 709 795 884 1006 1094 1207 1314 1402 1490 1583 1679 1760 1862 1944 
83 193 285 388 508 616 726 803 891 1009 1098 1214 1321 1408 1499 1584 1683 1768 1868 1948 
85 202 298 392 515 633 730 804 900 1012 1124 1215 1322 1410 1501 1591 1688 1774 1869 1949 
87 203 300 395 520 635 731 806 908 1026 1131 1221 1323 1414 1514 1594 1700 1779 1870 1951 
90 206 302 409 523 636 737 821 946 1029 1137 1222 1326 1416 1515 1595 1703 1780 1872 1952 
98 207 304 412 524 637 744 827 947 1032 1138 1224 1329 1417 1516 1605 1705 1788 1873 1954 
99 209 305 415 528 639 749 831 960 1037 1154 1235 1337 1418 1518 1610 1712 1793 1875 1956 
100 210 308 424 531 641 755 841 966 1042 1156 1241 1338 1426 1523 1614 1719 1795 1877 1959 
101 211 309 429 533 643 759 845 968 1043 1165 1248 1344 1431 1526 1620 1722 1801 1878 1960 
104 213 311 431 537 656 764 848 974 1049 1167 1254 1357 1435 1527 1624 1724 1808 1883 1961 
107 218 318 434 547 661 765 849 977 1060 1178 1261 1361 1441 1535 1630 1730 1809 1891 1962 
109 220 322 438 548 665 766 853 982 1068 1179 1263 1367 1446 1540 1631 1732 1810 1894 1963 
112 228 325 443 549 667 775 863 986 1076 1187 1266 1368 1449 1545 1633 1734 1812 1900 1964 
121 230 329 444 553 668 785 865 988 1083 1193 1268 1369 1457 1546 1634 1735 1823 1901 1966 
122 233 331 449 556 669 799 870 990 1090 1201 1269 1370 1462 1566 1648 1739 1827 1902 1967 
129 241 332 452 560 672 800 873 994 1092 1204 1271 1373 1469 1567 1651 1746 1828 1903 1968 
136 242 356 454 571 683 801 885 997 1093 1208 1276 1376 1479 1569 1654 1750 1835 1905 1969 
141 253 361 455 580 687 809 886 1003 1112 1219 1287 1393 1484 1573 1662 1753 1842 1907 1971 
142 261 366 460 584 689 811 890 1013 1115 1227 1299 1420 1485 1587 1666 1757 1843 1908 1972 
147 262 370 463 589 692 814 904 1014 1117 1228 1308 1421 1497 1593 1681 1758 1844 1912 1974 
149 270 373 470 594 694 819 907 1015 1122 1230 1309 1423 1498 1603 1682 1763 1846 1913 1975 
150 283 376 472 596 707 820 910 1016 1126 1233 1312 1424 1504 1618 1684 1767 1848 1918 1976 
154 287 377 475 608 713 823 915 1020 1140 1236 1325 1429 1510 1621 1692 1772 1852 1919 1977 
159 296 380 478 618 714 824 918 1033 1145 1243 1331 1438 1513 1625 1695 1775 1854 1920 1978 
160 299 381 490 619 717 826 920 1038 1150 1252 1332 1445 1517 1628 1697 1777 1859 1922 1979 
165 303 383 493 620 718 840 924 1039 1152 1262 1348 1456 1524 1629 1698 1790 1860 1923 1980 
167 313 404 496 622 735 852 927 1045 1160 1281 1354 1458 1525 1632 1699 1792 1866 1930 1981 
176 314 405 497 625 738 856 940 1046 1162 1285 1355 1464 1538 1636 1702 1806 1879 1931 1982 
177 315 406 502 631 740 866 970 1061 1168 1301 1411 1465 1539 1645 1710 1819 1881 1932 1983 
179 339 407 510 645 741 881 983 1075 1200 1317 1412 1481 1549 1663 1718 1821 1884 1935 1984 
180 343 427 519 648 748 889 985 1084 1232 1345 1413 1488 1554 1665 1733 1825 1885 1938 1986 
188 346 436 532 653 756 896 1008 1086 1240 1347 1415 1495 1568 1670 1744 1834 1892 1941 1987 
194 353 465 536 674 763 922 1019 1095 1250 1352 1430 1496 1572 1686 1759 1836 1896 1945 1989 
199 355 473 540 677 808 936 1021 1120 1253 1356 1443 1537 1580 1687 1782 1837 1897 1947 1990 
201 367 482 552 695 813 938 1023 1133 1259 1363 1455 1557 1586 1704 1784 1838 1899 1950 1991 
205 398 486 583 697 842 958 1031 1185 1278 1385 1468 1585 1606 1706 1789 1847 1906 1953 1992 
215 401 488 591 701 846 995 1040 1192 1282 1388 1486 1589 1609 1731 1796 1849 1914 1955 1993 
216 414 489 603 719 858 1010 1114 1210 1300 1407 1509 1596 1615 1749 1800 1864 1915 1957 1994 
231 471 494 644 724 880 1110 1135 1212 1365 1483 1519 1597 1641 1770 1820 1874 1921 1965 1995 
247 480 527 649 790 955 1128 1136 1247 1394 1491 1536 1607 1644 1773 1829 1882 1939 1970 1996 
252 481 578 780 832 978 1139 1225 1291 1459 1493 1592 1617 1693 1786 1831 1893 1940 1973 1997 
469 587 621 898 957 1055 1191 1294 1387 1472 1601 1613 1649 1752 1787 1863 1916 1946 1985 1998 
491 615 762 1030 1041 1072 1239 1346 1448 1533 1604 1637 1714 1830 1841 1867 1917 1958 1988 1999 
