2 73 197 236 237 259 276 293 327 612 772 878 945 1059 1249 1272 1409 1544 1658 1729 
9 54 82 143 268 479 541 579 611 843 933 942 979 1099 1149 1157 1169 1293 1861 1889
57 124 300 454 596 672 852 920 968 1001 1052 1053 1153 1339 1490 1500 1530 1653 1676 1701
25 228 298 536 549 635 823 853 977 981 1022 1063 1091 1408 1425 1560 1669 1801 1814 1865
70 94 132 137 145 151 166 173 195 232 517 810 847 861 1087 1144 1255 1432 1451 1571
69 89 361 493 653 687 785 848 986 993 1137 1148 1177 1358 1366 1492 1688 1828 1851 1968
159 283 322 336 457 530 544 678 850 1365 1388 1443 1481 1554 1629 1744 1821 1852 1931 1942
23 29 128 146 310 513 518 590 663 679 682 760 779 784 905 1113 1209 1319 1454 1640
176 220 366 431 466 534 628 632 711 758 949 1198 1226 1238 1246 1506 1590 1795 1813 1887
5 16 238 263 374 385 425 439 567 828 954 1170 1217 1273 1340 1534 1616 1626 1691 1890
66 193 200 290 547 555 562 761 908 991 1131 1143 1267 1306 1359 1521 1553 1588 1694 1815
77 134 192 301 503 668 696 736 769 776 872 964 984 1197 1315 1789 1874 1958 1965 1995
1 33 161 174 240 273 360 402 484 676 855 879 932 959 1108 1130 1134 1186 1349 1933
252 315 488 644 648 718 737 886 990 1150 1156 1173 1203 1264 1318 1507 1564 1582 1797 1822
129 163 305 379 426 447 499 554 602 609 773 839 899 969 989 1065 1129 1142 1188 1397
67 367 381 444 474 576 630 703 1133 1168 1219 1224 1357 1372 1382 1401 1705 1711 1804 1898
42 86 311 591 619 633 819 873 960 1200 1201 1254 1304 1504 1535 1542 1602 1737 1947 1954
17 126 164 274 354 394 418 459 487 585 807 857 902 926 956 1035 1107 1343 1480 1635
3 11 120 185 368 563 655 684 750 787 917 998 1103 1132 1163 1395 1739 1748 1824 1871
62 480 489 510 520 574 581 778 782 854 950 1051 1074 1183 1258 1634 1767 1879 1900 1934
83 130 331 434 495 542 652 723 900 912 953 1215 1223 1275 1298 1405 1436 1437 1689 1967
15 40 92 392 456 598 617 739 751 963 987 1025 1064 1080 1205 1274 1320 1696 1717 1850
58 97 123 138 492 511 593 600 657 742 743 788 1242 1257 1324 1403 1565 1623 1650 1690
19 148 482 552 645 707 799 831 844 916 1062 1348 1373 1517 1523 1548 1792 1842 1877 1911
90 106 309 333 420 610 688 698 793 815 867 901 929 939 1054 1277 1305 1362 1375 1422
122 186 407 429 618 636 800 803 830 876 923 1102 1118 1158 1171 1260 1386 1453 1627 1661
30 103 108 294 359 661 824 870 1020 1043 1088 1119 1180 1418 1569 1681 1757 1892 1905 1909
179 414 494 519 580 639 686 720 725 728 883 928 943 975 1125 1182 1384 1467 1576 1776
56 78 212 224 537 689 744 918 966 1029 1050 1181 1376 1497 1518 1718 1772 1810 1816 1818
194 353 383 424 453 512 638 675 747 757 935 1011 1034 1141 1237 1380 1502 1741 1781 1876
100 207 271 291 417 846 881 915 994 1004 1036 1261 1314 1374 1670 1699 1700 1715 1721 1840
14 181 184 249 312 321 507 705 871 951 1098 1235 1337 1390 1663 1684 1734 1788 1919 1936
34 59 198 280 320 342 397 498 529 572 681 930 967 1106 1147 1391 1503 1520 1738 1856
52 270 325 388 523 717 938 940 1039 1117 1179 1287 1289 1351 1377 1654 1703 1780 1941 1982
4 218 436 475 724 955 1110 1136 1192 1278 1281 1312 1321 1383 1444 1466 1494 1707 1868 1990
76 105 168 452 622 740 856 907 997 1152 1352 1411 1465 1479 1587 1605 1753 1835 1918 1943
205 287 304 319 349 411 558 715 812 833 909 952 1085 1123 1286 1328 1333 1489 1891 1924
136 355 465 780 790 813 826 890 947 1026 1094 1161 1216 1220 1364 1433 1442 1547 1561 1785
199 211 255 415 430 569 624 910 982 1012 1056 1104 1311 1353 1526 1759 1847 1854 1930 1972
79 116 196 251 257 288 323 592 712 805 829 897 1044 1096 1100 1172 1202 1283 1310 1928
26 242 244 266 584 683 889 1040 1212 1250 1385 1415 1421 1580 1628 1631 1652 1675 1709 1727
32 65 102 344 695 842 866 904 1014 1049 1078 1354 1368 1426 1477 1624 1722 1755 1875 1888
13 115 119 175 422 423 467 734 864 944 1000 1079 1155 1184 1316 1471 1575 1726 1764 1771
21 398 404 463 533 577 659 662 781 973 999 1048 1159 1498 1546 1552 1598 1680 1912 1963
104 156 170 245 307 362 451 559 573 597 934 1017 1151 1231 1290 1428 1647 1743 1878 1895
44 95 96 338 500 504 568 658 753 965 1024 1111 1251 1313 1447 1577 1678 1756 1761 1960
154 346 473 532 697 808 896 1019 1045 1232 1262 1263 1338 1431 1514 1584 1657 1674 1802 1949
63 80 246 256 458 461 516 626 650 770 859 1005 1146 1360 1461 1556 1574 1612 1751 1803
165 233 373 603 631 714 1191 1294 1387 1394 1407 1413 1589 1609 1773 1820 1834 1843 1845 1880
231 261 427 540 560 564 586 613 690 798 1070 1266 1424 1435 1463 1475 1724 1768 1798 1951
