0 1 2 3 4 5 7 8 9 10 12 13 14 15 17 18 19 20 21 22 23 24 25 26 28 30 32 34 35 36 38 39 41 42 43 44 45 46 47 52 53 55 56 57 58 61 62 63 66 67 69 70 71 74 75 76 77 79 83 85 87 90 98 99 100 101 104 107 109 112 121 122 129 136 141 142 147 149 150 154 159 160 165 167 176 177 179 180 188 194 199 201 205 215 216 231 247 252 469 491 
6 11 16 27 29 33 40 48 49 51 54 59 60 64 65 72 73 78 80 81 86 88 89 93 94 95 97 103 105 106 110 113 114 115 116 124 125 126 127 130 131 134 139 140 144 148 155 156 157 162 163 169 181 182 183 186 189 191 193 202 203 206 207 209 210 211 213 218 220 228 230 233 241 242 253 261 262 270 283 287 296 299 303 313 314 315 339 343 346 353 355 367 398 401 414 471 480 481 587 615 
31 37 68 82 84 91 92 96 102 108 111 118 119 120 123 128 132 152 158 161 164 168 170 171 184 192 196 197 198 200 204 208 212 214 219 221 222 223 225 226 227 234 238 243 244 246 248 250 255 264 265 267 269 271 272 277 278 279 285 298 300 302 304 305 308 309 311 318 322 325 329 331 332 356 361 366 370 373 376 377 380 381 383 404 405 406 407 427 436 465 473 482 486 488 489 494 527 578 621 762 
50 117 133 137 138 143 146 172 174 175 178 185 190 224 229 235 236 245 249 251 256 260 263 266 274 280 281 282 284 290 291 292 294 295 297 301 316 317 319 324 326 328 333 335 336 338 341 344 345 348 363 371 372 375 379 382 384 386 388 392 395 409 412 415 424 429 431 434 438 443 444 449 452 454 455 460 463 470 472 475 478 490 493 496 497 502 510 519 532 536 540 552 583 591 603 644 649 780 898 1030 
135 145 153 187 237 239 240 254 257 268 275 306 307 310 312 320 330 334 340 347 349 350 351 354 357 359 368 369 374 378 387 390 400 403 408 413 417 419 420 422 426 430 445 448 453 456 457 458 462 464 466 474 485 492 495 500 503 505 508 515 520 523 524 528 531 533 537 547 548 549 553 556 560 571 580 584 589 594 596 608 618 619 620 622 625 631 645 648 653 674 677 695 697 701 719 724 790 832 957 1041 
151 217 258 259 273 288 289 321 337 342 352 358 362 385 389 394 396 399 411 421 423 428 432 433 441 447 461 468 476 477 479 483 501 504 509 511 512 513 521 530 534 538 542 543 551 555 557 563 564 565 569 570 574 576 577 598 599 610 616 633 635 636 637 639 641 643 656 661 665 667 668 669 672 683 687 689 692 694 707 713 714 717 718 735 738 740 741 748 756 763 808 813 842 846 858 880 955 978 1055 1072 
166 276 286 323 360 364 365 393 397 410 418 425 435 437 440 450 451 467 499 507 516 518 526 535 539 541 544 545 558 561 562 568 581 582 586 588 593 601 604 617 623 624 627 628 630 638 642 646 652 655 659 670 680 685 686 688 696 709 726 730 731 737 744 749 755 759 764 765 766 775 785 799 800 801 809 811 814 819 820 823 824 826 840 852 856 866 881 889 896 922 936 938 958 995 1010 1110 1128 1139 1191 1239 
173 293 391 402 416 439 442 459 498 506 514 546 550 554 559 575 579 590 592 595 600 605 613 614 626 632 634 640 651 658 660 662 675 678 684 693 698 702 703 705 715 720 721 723 729 733 734 736 739 746 761 774 778 789 791 792 794 795 803 804 806 821 827 831 841 845 848 849 853 863 865 870 873 885 886 890 904 907 910 915 918 920 924 927 940 970 983 985 1008 1019 1021 1023 1031 1040 1114 1135 1136 1225 1294 1346 
195 327 446 484 487 522 525 529 567 573 602 607 611 629 647 650 654 657 663 664 673 690 691 704 706 711 712 725 747 750 751 752 753 769 777 781 782 783 786 793 796 812 818 822 830 834 835 836 838 844 850 862 864 868 871 874 882 884 891 900 908 946 947 960 966 968 974 977 982 986 988 990 994 997 1003 1013 1014 1015 1016 1020 1033 1038 1039 1045 1046 1061 1075 1084 1086 1095 1120 1133 1185 1192 1210 1212 1247 1291 1387 1448 
232 566 572 585 597 606 609 612 666 676 679 699 728 732 742 754 757 758 770 771 776 787 797 798 802 805 815 816 828 833 843 854 860 869 876 877 887 888 893 894 912 913 916 937 941 944 951 963 965 971 973 981 991 993 996 1001 1004 1006 1009 1012 1026 1029 1032 1037 1042 1043 1049 1060 1068 1076 1083 1090 1092 1093 1112 1115 1117 1122 1126 1140 1145 1150 1152 1160 1162 1168 1200 1232 1240 1250 1253 1259 1278 1282 1300 1365 1394 1459 1472 1533 
