247 314 377 382 528 616 759 865 1095 1240 1483 1486 1495 1538 1686 1702 1917 1940 1988 1997 3.40282e+38 
180 299 376 395 589 656 801 970 1015 1459 1604 1613 1617 1644 1706 1733 1735 1774 1862 1927 3.40282e+38 
20 296 318 460 548 748 936 1114 1120 1162 1187 1271 1445 1462 1645 1710 1837 1914 1973 1999 3.40282e+38 
55 213 248 472 594 667 670 702 796 1032 1233 1241 1329 1416 1593 1614 1775 1827 1957 1966 3.40282e+38 
35 131 204 449 674 858 958 985 1086 1140 1178 1190 1218 1303 1440 1473 1511 1708 1762 1833 3.40282e+38 
149 343 356 363 620 669 731 789 818 893 911 1299 1367 1371 1566 1630 1672 1685 1922 1964 3.40282e+38 
121 127 208 335 553 713 995 1031 1046 1093 1208 1221 1296 1549 1618 1695 1763 1906 1908 1937 3.40282e+38 
491 615 762 898 957 1055 1239 1346 1448 1533 1601 1637 1649 1693 1770 1800 1819 1881 1945 1980 3.40282e+38 
53 114 227 316 330 358 765 791 1013 1090 1193 1214 1295 1327 1515 1562 1660 1779 1783 1857 3.40282e+38 
109 144 152 295 350 352 410 514 862 1126 1165 1332 1438 1485 1487 1594 1642 1728 1826 1855 3.40282e+38 
43 93 158 178 275 337 364 546 654 1259 1301 1309 1326 1410 1632 1782 1825 1859 1932 1981 3.40282e+38 
469 471 578 1030 1041 1072 1128 1135 1210 1300 1317 1412 1597 1830 1841 1867 1916 1921 1953 1977 3.40282e+38 
167 253 278 317 347 538 588 614 629 732 817 895 1018 1234 1265 1379 1581 1723 1870 1993 3.40282e+38 
36 60 308 328 378 399 450 795 891 913 961 1248 1423 1449 1476 1579 1758 1884 1907 1983 3.40282e+38 
201 587 621 649 701 738 749 863 868 971 1002 1027 1047 1256 1302 1550 1608 1622 1740 1805 3.40282e+38 
107 303 406 496 719 735 766 792 834 877 1007 1028 1105 1211 1392 1591 1712 1716 1872 1944 3.40282e+38 
39 81 171 443 531 763 764 774 946 1009 1071 1116 1229 1414 1665 1697 1836 1844 1858 1929 3.40282e+38 
160 241 272 292 357 396 435 721 752 894 1167 1189 1344 1457 1787 1796 1806 1915 1935 1948 3.40282e+38 
45 182 285 478 505 543 809 845 874 941 1252 1269 1322 1417 1470 1508 1673 1809 1894 1996 3.40282e+38 
142 202 250 470 508 599 601 746 786 797 1066 1067 1456 1568 1749 1863 1864 1899 1903 1998 3.40282e+38 
28 64 84 260 387 557 582 729 822 937 1124 1196 1279 1335 1501 1512 1555 1754 1807 1991 3.40282e+38 
98 110 226 324 351 501 623 827 838 1068 1204 1207 1370 1378 1419 1529 1570 1646 1799 1910 3.40282e+38 
71 157 279 490 608 641 685 693 1038 1042 1089 1121 1175 1245 1400 1404 1434 1639 1713 1976 3.40282e+38 
12 206 219 235 254 483 840 841 1016 1076 1082 1194 1496 1513 1545 1662 1750 1760 1832 1952 3.40282e+38 
24 139 221 282 306 428 526 660 704 771 837 1058 1176 1199 1206 1522 1563 1600 1811 1817 3.40282e+38 
85 313 329 375 400 468 775 885 974 996 1243 1536 1557 1572 1636 1651 1668 1808 1839 1904 3.40282e+38 
10 113 214 371 403 694 730 821 988 1160 1363 1430 1458 1539 1621 1698 1893 1897 1938 1979 3.40282e+38 
150 169 332 348 369 432 440 442 522 1112 1228 1268 1307 1396 1567 1610 1643 1659 1745 1794 3.40282e+38 
147 203 243 345 419 509 539 595 647 666 700 708 710 716 745 1174 1330 1720 1791 1926 3.40282e+38 
7 49 68 133 135 421 545 575 664 699 722 727 914 976 1127 1270 1280 1406 1439 1551 3.40282e+38 
177 401 486 502 571 756 811 983 1084 1092 1227 1331 1420 1446 1704 1831 1882 1939 1950 1956 3.40282e+38 
41 140 405 438 485 643 680 733 836 869 903 925 1073 1097 1166 1427 1531 1558 1578 1725 3.40282e+38 
3.40282e+38 3.40282e+38 3.40282e+38 3.40282e+38 3.40282e+38 3.40282e+38 3.40282e+38 3.40282e+38 3.40282e+38 3.40282e+38 3.40282e+38 3.40282e+38 3.40282e+38 3.40282e+38 3.40282e+38 3.40282e+38 3.40282e+38 3.40282e+38 3.40282e+38 3.40282e+38 3.40282e+38 
3.40282e+38 3.40282e+38 3.40282e+38 3.40282e+38 3.40282e+38 3.40282e+38 3.40282e+38 3.40282e+38 3.40282e+38 3.40282e+38 3.40282e+38 3.40282e+38 3.40282e+38 3.40282e+38 3.40282e+38 3.40282e+38 3.40282e+38 3.40282e+38 3.40282e+38 3.40282e+38 3.40282e+38 
